0 0
0 0.0333333
0 0.0666667
0 0.1
0 0.133333
0 0.166667
0 0.2
0 0.233333
0 0.266667
0 0.3
0 0.333333
0 0.366667
0 0.4
0 0.433333
0 0.466667
0 0.5
0 0.533333
0 0.566667
0 0.6
0 0.633333
0 0.666667
0 0.7
0 0.733333
0 0.766667
0 0.8
0 0.833333
0 0.866667
0 0.9
0 0.933333
0 0.966667
0 1
0.04 0
0.04 0.0333333
0.04 0.0666667
0.04 0.1
0.04 0.133333
0.04 0.166667
0.04 0.2
0.04 0.233333
0.04 0.266667
0.04 0.3
0.04 0.333333
0.04 0.366667
0.04 0.4
0.04 0.433333
0.04 0.466667
0.04 0.5
0.04 0.533333
0.04 0.566667
0.04 0.6
0.04 0.633333
0.04 0.666667
0.04 0.7
0.04 0.733333
0.04 0.766667
0.04 0.8
0.04 0.833333
0.04 0.866667
0.04 0.9
0.04 0.933333
0.04 0.966667
0.04 1
0.08 0
0.08 0.0333333
0.08 0.0666667
0.08 0.1
0.08 0.133333
0.08 0.166667
0.08 0.2
0.08 0.233333
0.08 0.266667
0.08 0.3
0.08 0.333333
0.08 0.366667
0.08 0.4
0.08 0.433333
0.08 0.466667
0.08 0.5
0.08 0.533333
0.08 0.566667
0.08 0.6
0.08 0.633333
0.08 0.666667
0.08 0.7
0.08 0.733333
0.08 0.766667
0.08 0.8
0.08 0.833333
0.08 0.866667
0.08 0.9
0.08 0.933333
0.08 0.966667
0.08 1
0.12 0
0.12 0.0333333
0.12 0.0666667
0.12 0.1
0.12 0.133333
0.12 0.166667
0.12 0.2
0.12 0.233333
0.12 0.266667
0.12 0.3
0.12 0.333333
0.12 0.366667
0.12 0.4
0.12 0.433333
0.12 0.466667
0.12 0.5
0.12 0.533333
0.12 0.566667
0.12 0.6
0.12 0.633333
0.12 0.666667
0.12 0.7
0.12 0.733333
0.12 0.766667
0.12 0.8
0.12 0.833333
0.12 0.866667
0.12 0.9
0.12 0.933333
0.12 0.966667
0.12 1
0.16 0
0.16 0.0333333
0.16 0.0666667
0.16 0.1
0.16 0.133333
0.16 0.166667
0.16 0.2
0.16 0.233333
0.16 0.266667
0.16 0.3
0.16 0.333333
0.16 0.366667
0.16 0.4
0.16 0.433333
0.16 0.466667
0.16 0.5
0.16 0.533333
0.16 0.566667
0.16 0.6
0.16 0.633333
0.16 0.666667
0.16 0.7
0.16 0.733333
0.16 0.766667
0.16 0.8
0.16 0.833333
0.16 0.866667
0.16 0.9
0.16 0.933333
0.16 0.966667
0.16 1
0.2 0
0.2 0.0333333
0.2 0.0666667
0.2 0.1
0.2 0.133333
0.2 0.166667
0.2 0.2
0.2 0.233333
0.2 0.266667
0.2 0.3
0.2 0.333333
0.2 0.366667
0.2 0.4
0.2 0.433333
0.2 0.466667
0.2 0.5
0.2 0.533333
0.2 0.566667
0.2 0.6
0.2 0.633333
0.2 0.666667
0.2 0.7
0.2 0.733333
0.2 0.766667
0.2 0.8
0.2 0.833333
0.2 0.866667
0.2 0.9
0.2 0.933333
0.2 0.966667
0.2 1
0.24 0
0.24 0.0333333
0.24 0.0666667
0.24 0.1
0.24 0.133333
0.24 0.166667
0.24 0.2
0.24 0.233333
0.24 0.266667
0.24 0.3
0.24 0.333333
0.24 0.366667
0.24 0.4
0.24 0.433333
0.24 0.466667
0.24 0.5
0.24 0.533333
0.24 0.566667
0.24 0.6
0.24 0.633333
0.24 0.666667
0.24 0.7
0.24 0.733333
0.24 0.766667
0.24 0.8
0.24 0.833333
0.24 0.866667
0.24 0.9
0.24 0.933333
0.24 0.966667
0.24 1
0.28 0
0.28 0.0333333
0.28 0.0666667
0.28 0.1
0.28 0.133333
0.28 0.166667
0.28 0.2
0.28 0.233333
0.28 0.266667
0.28 0.3
0.28 0.333333
0.28 0.366667
0.28 0.4
0.28 0.433333
0.28 0.466667
0.28 0.5
0.28 0.533333
0.28 0.566667
0.28 0.6
0.28 0.633333
0.28 0.666667
0.28 0.7
0.28 0.733333
0.28 0.766667
0.28 0.8
0.28 0.833333
0.28 0.866667
0.28 0.9
0.28 0.933333
0.28 0.966667
0.28 1
0.32 0
0.32 0.0333333
0.32 0.0666667
0.32 0.1
0.32 0.133333
0.32 0.166667
0.32 0.2
0.32 0.233333
0.32 0.266667
0.32 0.3
0.32 0.333333
0.32 0.366667
0.32 0.4
0.32 0.433333
0.32 0.466667
0.32 0.5
0.32 0.533333
0.32 0.566667
0.32 0.6
0.32 0.633333
0.32 0.666667
0.32 0.7
0.32 0.733333
0.32 0.766667
0.32 0.8
0.32 0.833333
0.32 0.866667
0.32 0.9
0.32 0.933333
0.32 0.966667
0.32 1
0.36 0
0.36 0.0333333
0.36 0.0666667
0.360011 0.100012
0.362905 0.136087
0.362873 0.16917
0.362843 0.202253
0.362817 0.235336
0.362794 0.268419
0.362775 0.301502
0.362758 0.334585
0.362744 0.367668
0.362733 0.400751
0.362726 0.433834
0.362721 0.466917
0.36272 0.5
0.362721 0.533083
0.362726 0.566166
0.362733 0.599249
0.362744 0.632332
0.362758 0.665415
0.362775 0.698498
0.362794 0.731581
0.362817 0.764664
0.362843 0.797747
0.362873 0.83083
0.362905 0.863913
0.360011 0.899988
0.36 0.933333
0.36 0.966667
0.36 1
0.4 0
0.4 0.0333333
0.4 0.0666667
0.40001 0.100012
0.409319 0.142776
0.413827 0.180614
0.412311 0.212553
0.410955 0.244491
0.409759 0.27643
0.408722 0.308368
0.407845 0.340307
0.407128 0.372246
0.40657 0.404184
0.406171 0.436123
0.405932 0.468061
0.405852 0.5
0.405932 0.531939
0.406171 0.563877
0.40657 0.595816
0.407128 0.627754
0.407845 0.659693
0.408722 0.691632
0.409759 0.72357
0.410955 0.755509
0.412311 0.787447
0.413827 0.819386
0.409319 0.857224
0.40001 0.899988
0.4 0.933333
0.4 0.966667
0.4 1
0.44 0
0.44 0.0333333
0.44 0.0666667
0.440009 0.100012
0.448254 0.142066
0.458159 0.184049
0.464594 0.22551
0.459138 0.256009
0.454341 0.286508
0.450197 0.317007
0.446699 0.347506
0.443844 0.378004
0.441626 0.408503
0.440045 0.439002
0.439096 0.469501
0.438781 0.5
0.439096 0.530499
0.440045 0.560998
0.441626 0.591497
0.443844 0.621996
0.446699 0.652494
0.450197 0.682993
0.454341 0.713492
0.459138 0.743991
0.464594 0.77449
0.458159 0.815951
0.448254 0.857934
0.440009 0.899988
0.44 0.933333
0.44 0.966667
0.44 1
0.48 0
0.48 0.0333333
0.48 0.0666667
0.480008 0.100012
0.487189 0.141443
0.495816 0.180739
0.50636 0.22297
0.516854 0.270939
0.505598 0.299572
0.496025 0.328205
0.488051 0.356837
0.481608 0.38547
0.476647 0.414102
0.473129 0.442735
0.471028 0.471367
0.47033 0.5
0.471028 0.528633
0.473129 0.557265
0.476647 0.585898
0.481608 0.61453
0.488051 0.643163
0.496025 0.671795
0.505598 0.700428
0.516854 0.729061
0.50636 0.77703
0.495816 0.819261
0.487189 0.858557
0.480008 0.899988
0.48 0.933333
0.48 0.966667
0.48 1
0.52 0
0.52 0.0333333
0.52 0.0666667
0.520007 0.100012
0.526124 0.140906
0.533473 0.177888
0.542455 0.215624
0.553683 0.259339
0.568118 0.313602
0.553834 0.343297
0.539583 0.369414
0.528459 0.395532
0.520101 0.421649
0.514277 0.447766
0.510836 0.473883
0.509698 0.5
0.510836 0.526117
0.514277 0.552234
0.520101 0.578351
0.528459 0.604468
0.539583 0.630586
0.553834 0.656703
0.568118 0.686398
0.553683 0.740661
0.542455 0.784376
0.533473 0.822112
0.526124 0.859094
0.520007 0.899988
0.52 0.933333
0.52 0.966667
0.52 1
0.56 0
0.56 0.0333333
0.56 0.0666667
0.560006 0.100012
0.565059 0.140454
0.57113 0.175495
0.57855 0.209491
0.587825 0.247589
0.59975 0.293972
0.61565 0.351845
0.602216 0.382149
0.587422 0.405719
0.576722 0.429289
0.56944 0.45286
0.565199 0.47643
0.563805 0.5
0.565199 0.52357
0.56944 0.54714
0.576722 0.570711
0.587422 0.594281
0.602216 0.617851
0.61565 0.648155
0.59975 0.706028
0.587825 0.752411
0.57855 0.790509
0.57113 0.824505
0.565059 0.859546
0.560006 0.899988
0.56 0.933333
0.56 0.966667
0.56 1
0.6 0
0.6 0.0333333
0.6 0.0666667
0.600004 0.100012
0.603994 0.140089
0.608787 0.173559
0.614645 0.204551
0.621967 0.238266
0.631381 0.279045
0.643934 0.330442
0.643934 0.37418
0.637109 0.405719
0.626409 0.429289
0.619127 0.45286
0.614886 0.47643
0.613492 0.5
0.614886 0.52357
0.619127 0.54714
0.626409 0.570711
0.637109 0.594281
0.643934 0.62582
0.643934 0.669558
0.631381 0.720955
0.621967 0.761734
0.614645 0.795449
0.608787 0.826441
0.603994 0.859911
0.600004 0.899988
0.6 0.933333
0.6 0.966667
0.6 1
0.64 0
0.64 0.0333333
0.64 0.0666667
0.640003 0.100012
0.642929 0.13981
0.646444 0.17208
0.650739 0.200787
0.656109 0.231245
0.663013 0.268125
0.672218 0.315745
0.672218 0.359483
0.672218 0.397847
0.669391 0.429289
0.662108 0.45286
0.657867 0.47643
0.656474 0.5
0.657867 0.52357
0.662108 0.54714
0.669391 0.570711
0.672218 0.602153
0.672218 0.640517
0.672218 0.684255
0.663013 0.731875
0.656109 0.768755
0.650739 0.799213
0.646444 0.82792
0.642929 0.86019
0.640003 0.899988
0.64 0.933333
0.64 0.966667
0.64 1
0.68 0
0.68 0.0333333
0.68 0.0666667
0.680002 0.100012
0.681864 0.139616
0.684101 0.171056
0.686834 0.198189
0.690251 0.226437
0.694645 0.260791
0.700503 0.306222
0.700503 0.34996
0.700503 0.388324
0.700503 0.422594
0.699916 0.45286
0.695674 0.47643
0.694281 0.5
0.695674 0.52357
0.699916 0.54714
0.700503 0.577406
0.700503 0.611676
0.700503 0.65004
0.700503 0.693778
0.694645 0.739209
0.690251 0.773563
0.686834 0.801811
0.684101 0.828944
0.681864 0.860384
0.680002 0.899988
0.68 0.933333
0.68 0.966667
0.68 1
0.72 0
0.72 0.0333333
0.72 0.0666667
0.720001 0.100012
0.720799 0.139509
0.721757 0.170488
0.722929 0.196749
0.724393 0.223784
0.726276 0.25679
0.728787 0.301128
0.728787 0.344866
0.728787 0.383231
0.728787 0.4175
0.728787 0.448353
0.728787 0.476164
0.727659 0.5
0.728787 0.523836
0.728787 0.551647
0.728787 0.5825
0.728787 0.616769
0.728787 0.655134
0.728787 0.698872
0.726276 0.74321
0.724393 0.776216
0.722929 0.803251
0.721757 0.829512
0.720799 0.860491
0.720001 0.899988
0.72 0.933333
0.72 0.966667
0.72 1
0.76 0
0.76 0.0333333
0.76 0.0666667
0.76 0.100012
0.759734 0.139487
0.759414 0.170374
0.759024 0.196461
0.758536 0.223255
0.757908 0.255995
0.757071 0.300125
0.757071 0.343863
0.757071 0.382228
0.757071 0.416497
0.757071 0.44735
0.757071 0.475161
0.757196 0.5
0.757071 0.524839
0.757071 0.55265
0.757071 0.583503
0.757071 0.617772
0.757071 0.656137
0.757071 0.699875
0.757908 0.744005
0.758536 0.776745
0.759024 0.803539
0.759414 0.829626
0.759734 0.860513
0.76 0.899988
0.76 0.933333
0.76 0.966667
0.76 1
0.8 0
0.8 0.0333333
0.8 0.0666667
0.799999 0.100012
0.798669 0.139552
0.797071 0.170715
0.795118 0.197325
0.792678 0.224843
0.78954 0.258384
0.785355 0.30315
0.785355 0.346888
0.785355 0.385252
0.785355 0.419522
0.785355 0.450374
0.787111 0.47643
0.788505 0.5
0.787111 0.52357
0.785355 0.549626
0.785355 0.580478
0.785355 0.614748
0.785355 0.653112
0.785355 0.69685
0.78954 0.741616
0.792678 0.775157
0.795118 0.802675
0.797071 0.829285
0.798669 0.860448
0.799999 0.899988
0.8 0.933333
0.8 0.966667
0.8 1
0.84 0
0.84 0.0333333
0.84 0.0666667
0.839997 0.100012
0.837604 0.139702
0.834728 0.171511
0.831213 0.199343
0.82682 0.228569
0.821171 0.264029
0.81364 0.310395
0.81364 0.354133
0.81364 0.392498
0.81364 0.426767
0.8184 0.45286
0.822641 0.47643
0.824035 0.5
0.822641 0.52357
0.8184 0.54714
0.81364 0.573233
0.81364 0.607502
0.81364 0.645867
0.81364 0.689605
0.821171 0.735971
0.82682 0.771431
0.831213 0.800657
0.834728 0.828489
0.837604 0.860298
0.839997 0.899988
0.84 0.933333
0.84 0.966667
0.84 1
0.88 0
0.88 0.0333333
0.88 0.0666667
0.879996 0.100012
0.876539 0.139939
0.872385 0.172763
0.867308 0.202523
0.860962 0.234474
0.852803 0.273116
0.841924 0.322377
0.841924 0.366115
0.841924 0.404479
0.851384 0.429289
0.858666 0.45286
0.862907 0.47643
0.864301 0.5
0.862907 0.52357
0.858666 0.54714
0.851384 0.570711
0.841924 0.595521
0.841924 0.633885
0.841924 0.677623
0.852803 0.726884
0.860962 0.765526
0.867308 0.797477
0.872385 0.827237
0.876539 0.860061
0.879996 0.899988
0.88 0.933333
0.88 0.966667
0.88 1
0.92 0
0.92 0.0333333
0.92 0.0666667
0.919995 0.100012
0.915473 0.140261
0.910042 0.17447
0.903403 0.206873
0.895104 0.242633
0.884434 0.285972
0.870208 0.340156
0.871954 0.382149
0.886748 0.405719
0.897447 0.429289
0.90473 0.45286
0.908971 0.47643
0.910364 0.5
0.908971 0.52357
0.90473 0.54714
0.897447 0.570711
0.886748 0.594281
0.871954 0.617851
0.870208 0.659844
0.884434 0.714028
0.895104 0.757367
0.903403 0.793127
0.910042 0.82553
0.915473 0.859739
0.919995 0.899988
0.92 0.933333
0.92 0.966667
0.92 1
0.96 0
0.96 0.0333333
0.96 0.0666667
0.959994 0.100012
0.954408 0.140669
0.947698 0.176634
0.939497 0.212407
0.929246 0.253151
0.916066 0.30314
0.910857 0.353
0.928947 0.3775
0.942565 0.402
0.952562 0.4265
0.959427 0.451
0.963446 0.4755
0.96477 0.5
0.963446 0.5245
0.959427 0.549
0.952562 0.5735
0.942565 0.598
0.928947 0.6225
0.910857 0.647
0.916066 0.69686
0.929246 0.746849
0.939497 0.787593
0.947698 0.823366
0.954408 0.859331
0.959994 0.899988
0.96 0.933333
0.96 0.966667
0.96 1
1 0
1 0.0333333
1 0.0666667
0.999993 0.100012
0.993343 0.141164
0.985355 0.179256
0.975592 0.219144
0.963388 0.266175
0.96369 0.307672
0.976975 0.335147
0.98786 0.362623
0.996542 0.390098
1.00317 0.417574
1.00783 0.445049
1.01061 0.472525
1.01153 0.5
1.01061 0.527475
1.00783 0.554951
1.00317 0.582426
0.996542 0.609902
0.98786 0.637377
0.976975 0.664853
0.96369 0.692328
0.963388 0.733825
0.975592 0.780856
0.985355 0.820744
0.993343 0.858836
0.999993 0.899988
1 0.933333
1 0.966667
1 1
1.04 0
1.04 0.0333333
1.04 0.0666667
1.03999 0.100012
1.03228 0.141744
1.02301 0.182336
1.01169 0.227105
1.01377 0.262959
1.0214 0.292589
1.02796 0.322219
1.03347 0.35185
1.03795 0.38148
1.04142 0.41111
1.04389 0.44074
1.04537 0.47037
1.04586 0.5
1.04537 0.52963
1.04389 0.55926
1.04142 0.58889
1.03795 0.61852
1.03347 0.64815
1.02796 0.677781
1.0214 0.707411
1.01377 0.737041
1.01169 0.772895
1.02301 0.817664
1.03228 0.858256
1.03999 0.899988
1.04 0.933333
1.04 0.966667
1.04 1
1.08 0
1.08 0.0333333
1.08 0.0666667
1.07999 0.100012
1.07121 0.14241
1.06067 0.185877
1.06253 0.218639
1.06555 0.249901
1.06822 0.281163
1.07053 0.312426
1.07248 0.343688
1.07407 0.374951
1.07531 0.406213
1.0762 0.437475
1.07673 0.468738
1.07691 0.5
1.07673 0.531262
1.0762 0.562525
1.07531 0.593787
1.07407 0.625049
1.07248 0.656312
1.07053 0.687574
1.06822 0.718837
1.06555 0.750099
1.06253 0.781361
1.06067 0.814123
1.07121 0.85759
1.07999 0.899988
1.08 0.933333
1.08 0.966667
1.08 1
1.12 0
1.12 0.0333333
1.12 0.0666667
1.11999 0.100012
1.11126 0.142041
1.11175 0.174583
1.11219 0.207124
1.11258 0.239666
1.11293 0.272208
1.11323 0.30475
1.11348 0.337291
1.11369 0.369833
1.11385 0.402375
1.11396 0.434917
1.11403 0.467458
1.11406 0.5
1.11403 0.532542
1.11396 0.565083
1.11385 0.597625
1.11369 0.630167
1.11348 0.662709
1.11323 0.69525
1.11293 0.727792
1.11258 0.760334
1.11219 0.792876
1.11175 0.825417
1.11126 0.857959
1.11999 0.899988
1.12 0.933333
1.12 0.966667
1.12 1
1.16 0
1.16 0.0333333
1.16 0.0666667
1.16 0.1
1.16 0.133333
1.16 0.166667
1.16 0.2
1.16 0.233333
1.16 0.266667
1.16 0.3
1.16 0.333333
1.16 0.366667
1.16 0.4
1.16 0.433333
1.16 0.466667
1.16 0.5
1.16 0.533333
1.16 0.566667
1.16 0.6
1.16 0.633333
1.16 0.666667
1.16 0.7
1.16 0.733333
1.16 0.766667
1.16 0.8
1.16 0.833333
1.16 0.866667
1.16 0.9
1.16 0.933333
1.16 0.966667
1.16 1
1.2 0
1.2 0.0333333
1.2 0.0666667
1.2 0.1
1.2 0.133333
1.2 0.166667
1.2 0.2
1.2 0.233333
1.2 0.266667
1.2 0.3
1.2 0.333333
1.2 0.366667
1.2 0.4
1.2 0.433333
1.2 0.466667
1.2 0.5
1.2 0.533333
1.2 0.566667
1.2 0.6
1.2 0.633333
1.2 0.666667
1.2 0.7
1.2 0.733333
1.2 0.766667
1.2 0.8
1.2 0.833333
1.2 0.866667
1.2 0.9
1.2 0.933333
1.2 0.966667
1.2 1
