       1
       2
       4
       5
       6
       7
       8
       9
      10
      12
      13
      14
      15
      16
      17
      18
      19
      20
      21
      22
      23
      24
      25
      26
      27
      28
      29
      30
      31
      32
      33
      34
      35
      37
      38
      39
      41
      42
      43
      44
      45
      46
      47
      48
      49
      50
      51
      53
      56
      57
      60
      61
      64
      66
      68
      70
      72
      73
      75
      77
      78
      80
      83
      86
      88
      92
      94
      99
     101
     105
     107
     111
     113
     117
     119
     123
     125
     130
     131
     136
     137
     142
     143
     148
     149
     155
     157
     161
     188
     279
     334
     343
     368
     485
     506
     602
     626
     647
     733
     775
     869
     919
     925
     985
    1066
    1151
    1208
    1213
    1249
    1359
    1441
    1494
    1507
    1524
    1658
    1733
    1786
    1805
    1808
    1959
    2030
    2080
    2092
    2114
    2267
    2331
    2382
    2383
    2422
    2578
    2636
    2684
    2688
    2737
    2895
    2949
    2996
    3003
    3058
    3217
    3266
    3314
    3323
    3382
    3546
    3587
    3640
    3650
    3714
    3880
    3914
    3970
    3984
    4049
    4221
    4252
    4307
    4323
    4393
    4565
    4593
    4650
    4668
    4743
    4917
    4941
    4999
    5018
    5097
    5277
    5295
    5355
    5375
    5457
    5639
    5657
    5715
    5738
    5822
    6007
    6022
    6082
    6107
    6195
    6382
    6394
    6454
    6481
    6572
    6763
    6773
    6834
    6863
    6956
    7150
    7159
    7219
    7250
    7346
    7542
    7549
    7609
    7642
    7742
    7940
    7945
    8007
    8041
    8143
    8346
    8349
    8409
    8447
    8551
    8757
    8758
    8819
    8858
    8964
    9169
    9174
    9235
    9276
    9384
    9584
    9597
    9657
    9697
    9812
   10008
   10026
   10084
   10125
   10244
   10438
   10461
   10518
   10560
   10681
   10874
   10905
   10957
   10997
   11127
   11315
   11352
   11403
   11442
   11578
   11762
   11805
   11855
   11892
   12037
   12218
   12266
   12313
   12347
   12499
   12678
   12733
   12777
   12810
   12969
   13144
   13206
   13247
   13276
   13444
   13616
   13684
   13723
   13750
   13926
   14094
   14169
   14205
   14228
   14414
   14579
   14660
   14693
   14710
   14910
   15069
   15158
   15187
   15199
   15410
   15566
   15662
   15687
   15693
   15917
   16069
   16173
   16191
   16193
   16432
   16579
   16691
   16695
   16706
   16954
   17094
   17194
   17218
   17224
   17482
   17615
   17685
   17747
   17749
   18018
   18141
   18158
   18274
   18290
   18563
   18621
   18673
   18808
   18840
   19068
   19140
   19212
   19351
   19754
   19896
   20295
   20439
   20837
   20981
   21380
   21524
   21921
   22067
   22463
   22610
   23006
   23153
   23548
   23696
   24090
   24238
   24633
   24782
   25174
   25325
   25716
   25867
   26259
   26410
   26801
   26952
   27343
   27496
   27886
   28039
   28429
   28582
   28972
   29124
   29515
   29667
   30057
   30210
   30599
   30753
   31143
   31297
   31686
   31840
   32229
   32383
   32773
   32926
   33315
   33468
   33858
   34012
   34401
   34555
   34944
   35098
   35488
   35641
   36031
   36184
   36574
   36727
   37118
   37270
   37662
   37813
   38203
   38357
   38747
   38900
   39291
   39444
   39834
   39987
   40378
   40530
   40922
   41072
   41466
   41614
   42009
   42157
   42553
   42701
   43097
   43245
   43640
   43788
   44183
   44331
   44727
   44874
   45271
   45418
   45815
   45962
   46358
   46505
   46902
   47048
   47446
   47592
   47991
   48135
   48534
   48676
   49079
   49220
   49622
   49764
   50166
   50308
   50710
   50851
   51254
   51395
   51798
   51939
   52342
   52483
   52886
   53025
   53430
   53569
   53972
   54111
   54517
   54653
   55061
   55197
   55605
   55741
   56149
   56284
   56693
   56828
   57236
   57372
   57780
   57916
   58324
   58460
   58868
   59002
   59412
   59546
   59956
   60090
   60499
   60633
   61044
   61176
   61588
   61720
   62132
   62264
   62676
   62807
   63220
   63351
   63764
   63893
   64308
   64437
   64852
   64980
   65396
   65524
   65940
   66068
   66484
   66611
   67028
   67155
   67572
   67697
   68115
   68240
   68658
   68784
   69202
   69328
   69745
   69871
   70289
   70414
   70833
   70958
   71377
   71501
   71920
   72044
   72464
   72587
   73008
   73131
   73552
   73673
   74095
   74215
   74637
   74758
   75181
   75302
   75725
   75844
   76268
   76387
   76812
   76930
   77355
   77470
   77897
   78013
   78441
   78556
   78984
   79099
   79526
   79641
   80068
   80181
   80612
   80723
   81153
   81265
   81697
   81807
   82239
   82346
   82781
   82888
   83323
   83430
   83864
   83969
   84406
   84509
   84948
   85049
   85488
   85588
   86028
   86127
   86568
   86662
   87107
   87196
   87645
   87732
   88184
   88264
   88720
   88799
   89244
   89331
   89769
   89864
   90293
   90394
   90811
   90925
   91321
   91452
   91811
   91976
   92285
   92514
   92733
   92976
   92983
   92989
   92995
   93001
   93007
   93015
   93021
   93027
   93033
   93039
   93044
   93050
   93055
   93061
   93066
   93072
   93077
   93078
   93084
   93089
   93096
   93101
   93107
   93112
   93119
   93124
   93130
   93135
   93141
   93146
   93154
   93158
   93163
   93167
   93173
   93177
   93182
   93187
   93192
   93197
   93202
   93206
   93212
   93216
   93221
   93225
   93229
   93234
   93238
   93242
   93246
   93250
   93254
   93258
   93264
   93268
   93272
   93276
   93280
   93284
   93288
   93292
   93296
   93300
   93304
   93308
   93312
   93316
   93320
   93324
   93328
   93332
   93336
   93340
   93345
   93349
   93353
   93358
   93361
   93364
   93367
   93370
   93373
   93376
   93379
   93383
   93387
   93390
   93393
   93397
   93399
   93404
   93406
   93410
   93412
   93416
   93418
   93422
   93424
   93428
   93430
   93434
   93436
   93440
   93442
   93446
   93448
   93452
   93454
   93458
   93460
   93464
   93466
   93470
   93472
   93476
   93478
   93482
   93484
   93489
   93492
   93494
   93496
   93498
   93500
   93502
   93503
   93507
   93509
   93511
   93513
   93516
   93519
   93520
   93523
   93524
   93525
   93526
   93528
   93530
   93531
   93532
   93534
   93536
   93537
   93538
   93539
   93540
   93541
   93542
   93543
   93544
   93545
   93546
   93547
   93548
   93549
   93550
   93551
   93552
   93553
   93554
   93555
   93556
   93557
   93558
   93559
   93560
   93561
   93562
   93563
   93564
   93565
   93566
   93567
   93568
   93569
   93570
   93571
   93572
   93573
