     362
     363
     353
   27410
   29084
     357
     367
     368
     351
     349
     366
     354
     355
     361
     356
     294
   31140
   31139
   27596
   27782
   27224
   28526
   16289
   16277
   16888
   16258
   16261
   16256
   16259
    4345
    9689
   27038
   19498
   18015
     371
     334
     186
     352
     365
     350
     360
   11237
   31133
   31134
   31137
   31135
   31138
   31136
   29642
   28898
   28154
   27968
   16253
   16687
   16486
   17465
   16257
   16260
    4520
    8238
    7745
    8726
   10006
   21951
   21199
   21386
   26852
   18941
   18385
   20060
   17646
   21010
   28335
   22657
   21150
   21524
   20036
   20593
     364
     347
     348
     359
     290
     291
     293
     292
     289
     206
     205
     199
    3823
    3109
    1665
    2571
    3287
    6178
    6693
    6863
     233
     214
     213
    9180
    7537
    8693
    9503
    9341
   11082
   31155
   31136
   31320
   31145
   29270
   28712
   28340
   31164
   16253
   16253
   16300
   17089
   17274
   16264
    6240
    7081
    6070
    5729
   14235
   13800
   15388
   14956
   14807
   13362
   12620
   12169
    7910
    8074
    8888
    9049
    9210
   10634
    9848
   10478
   21575
   20816
   22140
   24620
   25178
   26480
   26666
   16262
   16274
   16275
   18202
   18570
   18754
   19312
   19125
   19685
   19872
   20436
   20624
   20246
   17833
   31176
   31294
   31307
   31315
   31253
   31304
   27777
   24970
   18553
   22092
   22285
   21336
   19851
   19666
   19480
   20964
   20778
     296
     295
     371
     333
     339
     358
     287
     288
     285
     286
     373
     191
    1299
     370
       2
     190
     193
     194
     201
     200
    5473
    4530
    4177
    4353
    4000
    1847
    2029
    1482
    2210
    3467
    5830
    6004
    6522
     279
     278
     220
     219
     212
     218
     217
     216
     215
     211
     210
     209
     208
     207
   10141
    8856
    8530
    8201
   11392
   10926
   10456
   10613
   30945
   29456
   29828
   31160
   31167
   16255
    7248
    6746
    6578
    6409
    4868
    5041
    4694
    5900
    5386
    5214
   14090
   13946
   15245
   15103
   14664
   16697
   16510
   13214
   13508
   13655
   12320
   12470
   12918
   12769
   11866
   11408
   10945
    8564
    8401
    7580
    7414
    9530
   10790
   10164
   10321
   21762
   22709
   22519
   23287
   22329
   24434
   24992
   24806
   25550
   25736
   25364
   16265
   16268
   31243
   31234
   31209
   31228
   31188
   31185
   31195
   31196
   31203
   31173
   31298
   31303
   31305
   31309
   31311
   31314
   31316
   31312
   31247
   31250
   31256
   31255
   31268
   31270
   31278
   31274
   28522
   27404
   27590
   28150
   27963
   31149
   31162
   31318
   31318
   31131
   28895
   23217
   23405
   23603
   22843
   23031
   24377
   24571
   23990
   24183
   23796
   27032
   26845
   25168
   26286
   25913
   26099
   17997
   18183
   22471
   21711
   21901
   18738
   19110
   19295
   18925
   20222
   20408
     299
     303
     562
     332
     335
     337
     283
     188
     369
     372
     372
     559
     745
    1115
     196
     195
     192
     203
     202
     204
     198
     197
    5058
    2930
    2751
    2391
    6350
     277
     280
     281
     282
     276
     222
     221
     232
    7369
    7201
    9018
    8365
    8035
    9823
    9663
   11545
   10770
   31157
   31156
   31153
   31141
   31143
   30572
   30386
   30758
   30200
   31159
   31158
   31168
   31166
   31165
   31161
   16254
    6914
    5558
   15810
   15529
   15670
   14378
   14522
   16138
   15951
   16324
   17439
   13067
   12018
   11714
   11100
   11254
    9370
   23484
   24248
   26108
   25922
   26294
   16271
   16272
   16269
   16270
   16267
   16263
   16273
   16276
   16279
   31240
   31238
   31237
   31231
   31233
   31232
   31213
   31218
   31217
   31220
   31222
   31219
   31227
   31226
   31229
   31189
   31194
   31183
   31181
   31200
   31199
   31198
   31202
   31201
   31206
   31204
   31208
   31207
   31175
   31291
   31289
   31292
   31282
   31300
   31302
   31281
   31287
   31277
   31293
   31246
   31239
   31264
   31259
   31269
   31308
   31306
   31313
   31301
   31299
   31245
   31244
   31249
   31248
   31261
   31263
   31260
   31254
   31267
   31272
   30012
   30198
   31172
   31154
   30757
   30570
   31317
   31150
   31146
   29267
   29080
   29640
   29453
   29825
   24769
   26659
   27217
   25354
   25726
   26472
   18367
     320
     321
     317
     328
     298
     300
     301
     302
    2753
    4170
    3994
    3288
    1851
     336
     340
     342
     284
     931
     189
    4882
    4705
    3644
    7032
     275
     270
     269
     247
     229
     230
     226
    9982
    7870
   11699
   10299
   31142
   31148
   30014
   31169
   31163
   17254
   17069
   11561
   23876
   23690
   24062
   22900
   23093
   12156
   12005
   12308
   16278
   31242
   31236
   31235
   31214
   31211
   16266
   31193
   31192
   31187
   31186
   31182
   31179
   31174
   31178
   31177
   31286
   31288
   31283
   31285
   31279
   31280
   31290
   31284
   31230
   31221
   31210
   31273
   31310
   31296
   31252
   31251
   31262
   31271
   31266
   31265
   31276
   30384
   31205
   25541
   17810
     322
     323
     318
     314
     313
     316
     319
     327
     330
     331
     324
     325
     329
     297
     312
     310
   16282
    2394
    3110
    3465
    3642
    3818
    2032
    2574
     345
     346
     341
     338
    5251
    5653
     274
     273
     272
     271
     265
     246
     254
     264
     261
     224
     223
     225
     228
     227
     231
    7703
   31152
   31147
   31144
   31171
   31170
   16881
   11852
   14805
   15786
   15647
   31241
   31224
   31223
   31225
   31215
   31212
   15229
   16286
   16287
   31190
   31180
   31297
   31197
   31257
   31275
   30944
   28708
   17626
     315
     311
     305
     304
     307
     306
     308
     309
   12909
   13354
   16283
     934
    1118
     749
    2213
    2932
    1668
    1486
     343
     344
     263
     268
     238
     234
     244
     239
     249
     248
     253
     260
     259
     256
     255
   31151
   15088
   16284
   16285
   31216
   15369
   31191
   31295
   31184
   31258
   14086
   14662
   14519
   13206
    1302
     262
     266
     267
     258
     257
     240
     242
     235
     236
     241
     251
     250
     252
   14947
   16297
   16266
   16281
   16299
   16298
   15508
     326
   13940
   13502
   13057
     237
     245
   15927
   16293
   16290
   16288
   13795
     243
   12459
   12759
   16280
   16295
   16296
   16294
   16291
   14375
   14230
   13648
   12609
   16292
