      10
      12
      13
      18
      19
      42
      44
      45
      46
      47
      48
      49
      50
      52
      53
      54
      55
      56
      78
      80
      82
      88
      95
      96
      98
     106
     108
     109
     110
     113
     124
     125
     135
     136
     204
     205
     205
     208
     211
     216
     219
     241
     247
     248
     250
     251
     253
     267
     269
     302
     316
     324
     326
     328
     329
     336
     344
     347
     350
     376
     385
     391
     400
     403
     404
     406
     429
     457
     459
     468
     473
     482
     559
     579
     580
     581
     582
     584
     726
     737
     739
     741
     749
     751
     755
     757
     771
     780
     781
     791
     795
     805
     806
     807
     819
     827
     828
     829
     854
     855
     856
     898
     899
     932
     933
     935
     938
     943
     954
     955
     955
     964
     993
    1011
    1021
    1022
    1023
    1028
    1030
    1031
    1041
    1060
    1062
    1065
    1066
    1070
    1072
    1110
    1113
    1119
    1170
    1174
    1186
    1193
    1194
    1206
    1207
    1209
    1214
    1218
    1226
    1229
    1230
    1231
    1257
    1260
    1289
    1306
    1357
    1358
    1359
    1380
    1385
    1386
    1397
    1399
    1413
    1414
    1416
    1418
    1425
    1440
    1567
    1594
    1600
    1607
    1610
    1615
    1753
    1783
    1791
    1813
    1815
    1816
    1820
    1821
    1832
    1835
    1838
    1841
    1842
    2172
    2215
    2217
    2220
    2270
    2272
    2280
    2281
    2303
    2305
    2310
    2311
    2311
    2315
    2316
    2317
    2376
    2380
    2394
    2395
    2397
    2399
    2401
    2408
    2409
    2412
    2418
    2428
    2435
    2436
    2442
    2505
    2506
    2620
    2621
    2633
    2634
    2635
    2637
    2640
    2656
    2659
    2660
    2667
    2668
    2860
    2864
    2866
    2868
    2874
    2876
    2880
    2882
    2917
    2924
    2926
    2971
    2981
    2999
    3042
    3045
    3048
    3049
    3056
    3057
    3059
    3077
    3082
    3088
    3108
    3133
    3216
    3217
    3227
    3232
    3238
    3312
    3315
    3316
    3323
    3324
    3334
    3335
    3343
    3347
    3348
    3375
    3379
    3397
    3398
    3422
    3427
    3445
    3448
    3452
    3458
    3459
    3469
    3472
    3564
    3574
    3575
    3578
    3579
    3585
    3839
    3846
    4114
    4124
    4152
    4158
    4218
    4221
    4240
    4243
    4260
    4312
    4403
    4405
    4407
    4410
    4411
    4416
    4417
    4419
    4736
    4742
    4750
    4751
    4790
    4792
    4794
    4795
    4988
    4989
    4991
    4995
    4997
    5012
    5013
    5015
    5016
    5017
    5028
    5043
    5044
    5051
    5053
    5055
    5065
    5068
    5070
    5071
    5081
    5084
    5090
    5101
    5126
    5128
    5129
    5138
    5139
    5204
    5215
    5216
    5222
    5223
    5224
    5227
    5247
    5249
    5261
    5264
    5938
    6011
    6013
    6016
    6085
    6161
    6164
    6166
    6169
    6181
    6183
    6184
    6189
    6192
    6217
    6283
    6284
    6291
    6347
    6349
    6394
    6416
    6421
    6427
    6448
    6569
    6575
    6579
    6582
    6589
    6898
    6901
    6905
    7032
    7034
    7346
    7350
    7356
    7365
    7366
    7388
    7390
    7453
    7457
    7462
    7463
    7464
    7479
    7480
    7482
    7489
    7512
    7513
    7516
    7519
    7520
    7523
    7551
    7629
    7643
    7732
    7737
    7738
    7746
    7747
    7755
    7756
    7760
    7791
    7885
    7901
    7906
    7911
    7913
    7972
    8039
    8046
    8213
    8214
    8216
    8755
    8756
    8758
    8760
    8780
    8785
    8792
    8797
    8798
    9148
    9149
    9165
    9189
    9196
    9197
    9302
    9307
    9308
    9313
    9314
    9324
    9347
    9348
    9355
    9502
    9506
    9513
    9521
    9563
    9565
    9566
    9581
    9583
    9628
    9629
    9631
    9633
    9768
    9954
    9956
    9960
    9965
    9995
    9997
   10056
   10057
   10058
   10063
   10081
   10082
   10086
   10087
   10091
   10152
   10155
   10160
   10162
   10163
   10589
   10590
   10613
   10614
   10616
   10617
   10638
   10640
   10753
   10757
   11096
   11097
   11099
   11100
   11103
   11104
   11109
   11111
   11112
   11138
   11141
   11146
   11147
   11149
   11196
   11204
   11212
   11243
   11245
   11262
   11290
   11427
   11428
   11432
   11439
   11484
   11500
   11504
   11508
   12858
   12860
   12862
   12869
   12879
   13049
   13053
   13055
   13359
   13588
   13591
   13766
   13767
   13781
   13883
   13991
   13993
   13994
   14412
   14456
   14460
   14483
   14981
   15009
   15049
   15056
   15132
   15136
   15145
   15180
   15188
   15485
   15486
   15531
   15602
   15604
   15608
   15619
   15624
   16614
   16616
   16648
   16664
   17173
   17183
   17184
   17393
   17413
   17520
   17667
   17668
   17670
   17675
   17682
   17690
   17717
   17719
   17720
   18257
   18258
   18264
   18266
   18278
   18280
   18388
   18391
   18408
   18412
   18413
   18424
   18487
   18493
   19166
   19167
   19169
   19361
   19373
   19374
   19384
   19876
   19881
   20011
   20028
   20157
   20158
   20171
   20176
   20177
   20179
   20180
   20202
   20205
   20206
   20212
   20216
   20240
   20319
   20343
   20354
   22081
   22118
   22119
   22125
   22126
   22128
   22144
   22148
   22390
   22391
   22413
   22421
   23345
   23350
   23550
   23551
   23554
   23556
   23557
   24004
   24006
   24012
   24024
   24080
   24082
   24089
   24104
   24106
   24110
   24545
   24585
   24664
   24665
   24702
   24717
   24985
   26026
   26046
   26059
   26061
   26850
   26980
   26981
   26983
   27037
   27039
   27252
   27255
   27257
   27326
   27337
   27863
   27915
   28864
   29029
   29808
   29858
   29971
   30288
   30560
   30570
   30571
   30573
   30575
   30576
   30580
   32838
   32839
   32844
   32903
   32904
   32906
   32917
   32923
   32963
   32964
   33374
   33376
   34290
   34294
   34680
   34684
   34685
   34692
   34732
   34734
   34745
   34781
   34784
   34794
   34796
   35245
   36499
   36541
   36542
   37622
   37878
   37917
   38328
   38385
   39217
   42942
   42944
   42945
   42949
   43010
   44029
   44033
   44037
   44281
   44283
   44372
   44374
   44383
   44389
   44403
   44433
   44435
   44438
   45587
   45653
   45654
   45664
   46684
   46686
   46747
   48712
   50682
   50691
   50698
   51628
   51632
   52432
   53290
   53307
   53311
   55805
   56270
   56587
   56591
   56653
   57387
   57388
   57405
   57416
   58976
   58977
   59348
   59370
   59968
