       1
       2
       3
       4
       5
       6
       7
       8
       9
      10
      11
      12
      13
      14
      15
      16
      17
      18
      19
      20
      21
      22
      23
      24
      25
      26
      27
      28
      29
      30
      31
      32
      33
      34
      35
      36
      37
      38
      39
      40
      41
      42
      43
      44
      45
      46
      47
      48
      49
      50
      51
      52
      53
      54
      55
      56
      57
      58
      59
      60
      61
      62
      63
      64
      65
      66
      67
      68
      69
      70
      71
      72
      73
      74
      75
      76
      77
      78
      79
      80
      81
      82
      83
      84
      85
      86
      87
      88
      89
      90
      91
      92
      93
      94
      95
      96
      97
      98
      99
     100
     101
     102
     103
     104
     105
     106
     107
     108
     109
     110
     111
     112
     113
     114
     115
     116
     117
     118
     119
     120
     121
     122
     123
     124
     125
     126
     127
     128
     129
     130
     131
     132
     133
     134
     135
     136
     137
     138
     139
     140
     141
     142
     143
     144
     145
     146
     147
     148
     149
     150
     151
     152
     153
     154
     155
     156
     157
     158
     159
     160
     161
     162
     163
     164
     165
     166
     167
     168
     169
     170
     171
     172
     173
     174
     175
     176
     177
     178
     179
     180
     181
     182
     183
     184
     185
     186
     187
     334
     370
     518
     558
     743
     744
     929
     930
    1113
    1114
    1297
    1298
    1480
    1481
    1663
    1664
    1845
    1846
    2027
    2028
    2208
    2209
    2389
    2390
    2569
    2570
    2749
    2750
    2928
    2929
    3107
    3108
    3285
    3286
    3463
    3464
    3640
    3641
    3817
    3820
    3993
    3997
    4169
    4175
    4344
    4351
    4519
    4527
    4693
    4702
    4867
    4878
    5040
    5054
    5213
    5229
    5385
    5406
    5557
    5640
    5728
    5821
    5899
    5998
    6069
    6172
    6239
    6345
    6408
    6518
    6577
    6689
    6745
    6859
    6913
    7029
    7080
    7198
    7247
    7366
    7413
    7534
    7579
    7700
    7744
    7867
    7909
    8033
    8073
    8198
    8237
    8363
    8400
    8527
    8563
    8690
    8725
    8854
    8887
    9016
    9048
    9178
    9209
    9339
    9369
    9500
    9529
    9660
    9688
    9820
    9847
    9980
   10005
   10139
   10163
   10296
   10320
   10454
   10477
   10611
   10633
   10768
   10789
   10924
   10944
   11080
   11099
   11235
   11253
   11390
   11407
   11543
   11560
   11697
   11713
   11850
   11865
   12003
   12017
   12154
   12168
   12306
   12319
   12457
   12469
   12608
   12619
   12757
   12768
   12907
   12917
   13056
   13065
   13204
   13213
   13352
   13360
   13499
   13501
   13646
   13653
   13792
   13794
   13938
   13944
   14082
   14085
   14228
   14231
   14370
   14374
   14515
   14517
   14656
   14660
   14800
   14803
   14941
   14945
   15083
   15087
   15224
   15228
   15365
   15368
   15505
   15509
   15645
   15648
   15785
   15787
   15924
   15925
   16064
   16065
   16066
   16067
   16068
   16069
   16070
   16071
   16072
   16073
   16074
   16075
   16076
   16077
   16078
   16079
   16080
   16081
   16082
   16083
   16084
   16085
   16086
   16087
   16088
   16089
   16090
   16091
   16092
   16093
   16094
   16095
   16096
   16097
   16098
   16099
   16100
   16101
   16102
   16103
   16104
   16105
   16106
   16107
   16108
   16109
   16110
   16111
   16112
   16113
   16114
   16251
   16252
   16437
   16438
   16623
   16624
   16809
   16810
   16995
   16996
   17181
   17182
   17367
   17368
   17553
   17554
   17739
   17740
   17925
   17926
   18111
   18112
   18297
   18298
   18483
   18484
   18669
   18670
   18855
   18856
   19041
   19042
   19227
   19228
   19413
   19414
   19599
   19600
   19785
   19786
   19971
   19972
   20157
   20158
   20343
   20344
   20529
   20530
   20715
   20716
   20901
   20902
   21087
   21088
   21273
   21274
   21459
   21460
   21645
   21646
   21831
   21832
   22017
   22018
   22203
   22204
   22389
   22390
   22575
   22576
   22761
   22762
   22947
   22948
   23133
   23134
   23319
   23320
   23505
   23506
   23691
   23692
   23877
   23878
   24063
   24064
   24249
   24250
   24435
   24436
   24621
   24622
   24807
   24808
   24993
   24994
   25179
   25180
   25365
   25366
   25551
   25552
   25737
   25738
   25923
   25924
   26109
   26110
   26295
   26296
   26481
   26482
   26667
   26668
   26853
   26854
   27039
   27040
   27225
   27226
   27411
   27412
   27597
   27598
   27783
   27784
   27969
   27970
   28155
   28156
   28341
   28342
   28527
   28528
   28713
   28714
   28899
   28900
   29085
   29086
   29271
   29272
   29457
   29458
   29643
   29644
   29829
   29830
   30015
   30016
   30201
   30202
   30387
   30388
   30573
   30574
   30759
   30760
   30946
   30963
   31132
   31145
   31319
   31320
   31321
   31322
   31323
   31324
   31325
   31326
   31327
   31328
   31329
   31330
   31331
   31332
   31333
   31334
   31335
   31336
   31337
   31338
   31339
   31340
   31341
   31342
   31343
   31344
   31345
   31346
   31347
   31348
   31349
   31350
   31351
   31352
   31353
   31354
   31355
   31356
   31357
   31358
   31359
   31360
   31361
   31362
   31363
   31364
   31365
   31366
   31367
   31368
   31369
   31370
   31371
   31372
   31373
   31374
   31375
   31376
   31377
   31378
   31379
   31380
   31381
   31382
   31383
   31384
   31385
   31386
   31387
   31388
   31389
   31390
   31391
   31392
   31393
   31394
   31395
   31396
   31397
   31398
   31399
   31400
   31401
   31402
   31403
   31404
   31405
   31406
   31407
   31408
   31409
   31410
   31411
   31412
   31413
   31414
   31415
   31416
   31417
   31418
   31419
   31420
   31421
   31422
   31423
   31424
   31425
   31426
   31427
   31428
   31429
   31430
   31431
   31432
   31433
   31434
   31435
   31436
   31437
   31438
   31439
   31440
   31441
   31442
   31443
   31444
   31445
   31446
   31447
   31448
   31449
   31450
   31451
   31452
   31453
   31454
   31455
   31456
   31457
   31458
   31459
   31460
   31461
   31462
   31463
   31464
   31465
   31466
   31467
   31468
   31469
   31470
   31471
   31472
   31473
   31474
   31475
   31476
   31477
   31478
   31479
   31480
   31481
   31482
   31483
   31484
   31485
   31486
   31487
   31488
   31489
   31490
   31491
   31492
   31493
   31494
   31495
   31496
   31497
   31498
   31499
   31500
   31501
   31502
   31503
   31504
   31505
